4 0.61640625 0.375 0.07890625 0.16953125
4 0.6359375 0.37734375 0.0265625 0.10546875
1 0.8140625 0.1984375 0.33828125 0.3796875
12 0.3234375 0.25546875 0.64609375 0.51015625
7 0.5 0.71328125 1 0.57265625
12 0.08515625 0.315625 0.1703125 0.31015625
12 0.25390625 0.39375 0.14140625 0.23984375
12 0.36015625 0.38125 0.10390625 0.18125
12 0.44765625 0.378125 0.15859375 0.1515625
12 0.51953125 0.37578125 0.0859375 0.14765625
12 0.5484375 0.14296875 0.23984375 0.2859375
4 0.846875 0.35625 0.02265625 0.0578125